9 47
   49.   29.   23.   40.   18.   17.   48.   13.   15.
   16.   31.   14.   44.   23.   39.   33.   45.   40.
   38.   26.   47.   34.   24.   32.   28.   26.   20.
   27.   22.   14.   42.   31.   37.   45.   20.   38.
   25.   13.   19.   42.   10.   21.   37.   27.   17.
  260.  239.  418.  557.  346.  161.  288.  568.  379.
  672.  268.  122.  295.  344.  143.  393.   29.  656.
  235.  329.  640.  517.  329.  524.  318.  516.   79.
  458.  758.   28.  167.  504.  502.  475.  226.   94.
  303.  139.  362.  519.  494.   88.  468.   72.  370.
  580.  484.   34.  386.  180.  522.  338.  636.  523.
  646.  652.  319.  423.  712.  242.  486.  401.  551.
  155.  585.  482.  604.  200.  284.   80.  195.  426.
  387.  516.  374.  234.  495.  584.  612.  239.  392.
  145.  459.  104.  286.  701.  463.  467.  349.  574.
  335.  212.  369.  258.  455.  348.   33.  302.  181.
  363.  504.  376.   99.  502.  262.  140.  310.  335.
  249.  285.  328.  263.  149.  274.  345.  337.  288.
  140.  467.  338.  215.  192.  243.  267.  403.  244.
  202.  270.  411.  267.  364.  400.  156.  356.  248.
  415.  347.  240.  474.  179.  336.  281.  603.  442.
  666.  451.  117.  338.  525.   59.  428.  205.  611.
   84.  451.  569.  559.  229.  409.  135.  367.  241.
  414.  653.  170.   94.  496.  540.  541.   97.  218.
  174.  286.  180.  406.  598.  258.  461.  142.  466.
  363.  276.  603.  349.  694.  441.  258.   73.  120.
  218.  576.  582.  204.  519.  484.  108.  474.  294.
  487.  256.  354.   23.  383.  432.  586.  532.  432.
  235.  524.  519.  442.  138.    9.   72.  631.  402.
  441.  385.  651.  424.  200.  552.  141.  550.  179.
  624.  507.  173.  228.  365.  598.  323.  548.  489.
  516.  746.  464.  410.  779.  357.  436.  501.  39.
  268.  594.  317.  529.  184.  113.  255.   25.  509.
  281.  332.  492.  326.  394.  510.  559.  408.  466.
  190.  522.  288.  118.  671.  580.  375.  480.  560.
  677.  554.  409.   90.  593.  691.  374.  436.  467.
  340.  847.  643.  434.  846.  523.  405.  632.  200.
  451.  610.  104.  440.  311.  132.  476.  237.  622.
  222.  124.  642.  479.  293.  425.  498.  614.  512
  361.  612.  519.  132.  626.  720.  297.  644.  551.
  382.  354.  782.  540.  850.  490.  422.  186.  240.
  340.  587.  700.  345.  493.  622.  274.  567.  458.
  646.  276.  533.  180.  562.  625.  751.  724.  518.
  428.  702.  620.  586.  328.  197.  147.  770.  501.
  614.  460.  817.  617.  113.  627.  334.  659.  223.
  101.  162.  566.  607.  519.   14.  320.  505.  316.
  642.  155.  295.  276.  180.  296.  356.  148.  664.
  378.  203.  673.  453.  423.  607.  477.  630.  108.

